Date;Time;Global_active_power;Global_reactive_power;Voltage;Global_intensity;Sub_metering_1;Sub_metering_2;Sub_metering_3
4/2/2008;20:25:00;2.318;0.080;237.740;9.800;0.000;0.000;0.000
1/5/2009;19:04:00;0.322;0.000;239.010;1.400;0.000;0.000;1.000
12/8/2008;06:49:00;0.142;0.080;240.560;0.800;0.000;0.000;0.000
26/11/2009;06:02:00;0.340;0.120;242.550;1.400;0.000;0.000;1.000
20/12/2007;21:38:00;1.608;0.212;240.740;6.800;0.000;0.000;0.000
28/10/2007;06:39:00;0.278;0.074;239.640;1.200;0.000;0.000;0.000
2/2/2007;09:12:00;1.340;0.068;238.810;5.600;0.000;0.000;17.000
25/12/2007;11:05:00;1.496;0.000;241.800;6.200;0.000;0.000;18.000
18/12/2007;02:47:00;0.332;0.120;249.300;1.400;0.000;0.000;0.000
24/12/2006;12:18:00;0.710;0.342;237.130;3.200;0.000;1.000;0.000
17/5/2008;06:38:00;0.164;0.000;240.310;0.600;0.000;0.000;1.000
19/5/2007;08:59:00;0.784;0.054;235.120;3.400;2.000;0.000;0.000
24/10/2009;18:44:00;3.636;0.264;232.790;15.600;1.000;0.000;18.000
18/7/2008;15:07:00;1.182;0.058;239.390;5.000;0.000;0.000;11.000
7/6/2007;03:43:00;0.248;0.074;237.000;1.000;0.000;2.000;0.000
18/5/2008;06:19:00;0.340;0.242;242.880;1.600;0.000;0.000;1.000
15/2/2010;04:15:00;0.330;0.094;248.740;1.400;0.000;1.000;1.000
25/10/2008;19:52:00;0.200;0.060;236.610;0.800;0.000;0.000;0.000
6/4/2009;05:19:00;0.280;0.000;241.640;1.200;0.000;0.000;0.000
29/4/2009;16:02:00;1.014;0.188;240.560;4.200;0.000;0.000;11.000
17/5/2008;19:13:00;1.686;0.186;235.140;7.200;0.000;0.000;17.000
16/8/2009;11:31:00;0.400;0.358;239.280;2.200;0.000;2.000;1.000
10/3/2007;06:41:00;0.226;0.000;242.230;1.000;0.000;0.000;0.000
12/8/2009;21:35:00;1.402;0.252;242.070;5.800;2.000;0.000;1.000
11/1/2008;03:04:00;0.226;0.000;243.620;1.000;0.000;0.000;0.000
30/11/2007;11:03:00;1.686;0.174;243.000;7.000;0.000;1.000;18.000
29/4/2009;16:46:00;0.468;0.194;243.850;2.000;0.000;2.000;1.000
5/9/2008;20:40:00;2.062;0.150;234.880;9.600;0.000;0.000;0.000
6/10/2009;18:44:00;0.600;0.150;240.890;2.400;0.000;0.000;1.000
17/3/2009;21:47:00;2.806;0.000;239.990;12.000;0.000;26.000;0.000
3/6/2010;18:44:00;0.418;0.212;242.420;2.000;0.000;0.000;1.000
23/12/2008;23:53:00;0.212;0.000;244.630;0.800;0.000;0.000;0.000
11/11/2010;22:27:00;0.414;0.064;241.400;1.600;0.000;1.000;0.000
15/11/2009;01:18:00;1.800;0.078;239.430;7.400;0.000;0.000;0.000
27/4/2010;07:20:00;0.722;0.000;241.340;3.000;0.000;0.000;0.000
26/1/2010;09:44:00;1.762;0.098;242.240;7.200;0.000;0.000;19.000
17/7/2010;14:37:00;0.254;0.124;242.060;1.200;0.000;0.000;1.000
5/3/2008;20:03:00;2.732;0.234;232.650;11.800;0.000;4.000;17.000
23/9/2009;09:35:00;1.978;0.210;238.110;8.200;0.000;0.000;29.000
1/2/2009;03:45:00;0.320;0.078;246.900;1.400;0.000;1.000;0.000
17/8/2008;12:45:00;0.080;0.000;239.900;0.200;0.000;0.000;0.000
27/7/2007;16:32:00;1.266;0.078;236.410;5.400;0.000;0.000;17.000
23/6/2007;06:53:00;0.192;0.118;240.540;1.000;0.000;1.000;0.000
18/5/2007;02:34:00;0.286;0.058;237.700;1.200;0.000;0.000;0.000
18/7/2008;19:29:00;0.746;0.276;238.770;3.200;0.000;0.000;1.000
4/4/2010;09:06:00;0.434;0.000;241.420;1.800;0.000;0.000;1.000
28/7/2007;07:18:00;0.222;0.126;238.080;1.000;0.000;0.000;0.000
22/10/2009;20:45:00;1.936;0.262;240.670;8.000;0.000;2.000;18.000
25/8/2010;15:55:00;0.358;0.234;242.510;1.800;0.000;1.000;0.000
15/8/2010;13:33:00;0.160;0.000;244.190;0.600;0.000;0.000;1.000
8/1/2007;21:31:00;1.868;0.000;240.650;7.600;0.000;1.000;0.000
7/10/2009;15:49:00;0.374;0.114;241.690;1.600;0.000;0.000;1.000
17/7/2009;06:51:00;0.252;0.118;243.010;1.000;0.000;0.000;1.000
30/4/2008;09:52:00;1.328;0.000;241.970;5.400;0.000;0.000;19.000
29/4/2010;00:50:00;0.782;0.202;243.030;3.200;0.000;1.000;1.000
17/5/2007;10:58:00;0.220;0.000;233.450;1.000;0.000;0.000;0.000
7/3/2010;09:20:00;0.684;0.090;244.510;2.800;0.000;2.000;1.000
10/10/2009;12:56:00;0.536;0.202;239.110;2.400;0.000;0.000;1.000
18/1/2008;20:11:00;3.182;0.178;233.850;13.600;0.000;1.000;17.000
13/2/2007;07:05:00;0.776;0.142;240.730;3.200;0.000;0.000;0.000
28/1/2007;15:00:00;1.554;0.000;243.960;6.400;2.000;0.000;19.000
5/2/2010;14:37:00;0.254;0.000;247.610;1.000;0.000;0.000;1.000
3/12/2009;17:00:00;0.394;0.116;242.910;1.600;0.000;0.000;1.000
7/2/2008;00:23:00;0.322;0.100;242.210;1.400;0.000;0.000;0.000
24/9/2010;22:42:00;0.608;0.050;244.450;2.400;0.000;0.000;1.000
17/8/2010;19:02:00;0.166;0.000;239.880;0.800;0.000;0.000;1.000
28/2/2010;17:10:00;0.336;0.104;241.840;1.400;0.000;0.000;1.000
10/1/2009;18:09:00;3.098;0.500;241.040;13.000;0.000;0.000;18.000
11/7/2010;07:37:00;0.336;0.206;243.060;1.600;0.000;0.000;1.000
13/9/2008;16:26:00;2.362;0.132;239.130;10.600;1.000;19.000;18.000
19/9/2008;06:39:00;0.300;0.122;240.730;1.400;0.000;0.000;1.000
17/11/2009;22:12:00;1.640;0.302;240.140;6.800;0.000;1.000;0.000
24/4/2010;07:57:00;0.310;0.098;241.210;1.400;0.000;1.000;1.000
9/1/2009;05:05:00;0.444;0.220;247.610;2.000;0.000;1.000;0.000
9/9/2010;13:35:00;0.272;0.054;240.040;1.200;1.000;0.000;0.000
18/1/2008;02:23:00;0.358;0.000;243.260;1.600;0.000;0.000;0.000
21/7/2009;03:41:00;0.372;0.362;242.240;2.000;0.000;1.000;1.000
5/3/2007;05:23:00;0.292;0.084;241.030;1.200;0.000;1.000;0.000
22/3/2010;20:36:00;1.400;0.120;239.680;5.800;1.000;1.000;1.000
24/9/2007;07:51:00;2.032;0.186;236.840;8.600;0.000;1.000;17.000
7/2/2010;01:28:00;0.594;0.312;242.390;2.600;1.000;2.000;1.000
1/2/2010;15:15:00;0.386;0.198;249.850;1.800;0.000;1.000;1.000
3/5/2007;20:04:00;0.340;0.084;235.330;1.800;0.000;1.000;0.000
4/7/2009;23:42:00;1.032;0.112;242.030;4.200;0.000;0.000;0.000
17/1/2010;10:34:00;0.592;0.260;243.240;2.600;0.000;1.000;1.000
28/3/2008;19:29:00;4.996;0.264;236.430;21.000;38.000;0.000;17.000
12/4/2008;00:00:00;1.272;0.078;243.820;5.400;0.000;0.000;1.000
7/11/2008;12:17:00;1.494;0.136;240.710;6.200;0.000;2.000;18.000
16/5/2009;10:20:00;1.230;0.000;240.370;5.000;0.000;0.000;18.000
9/7/2007;09:38:00;1.232;0.054;238.960;5.000;0.000;0.000;18.000
2/4/2007;05:49:00;0.288;0.088;242.670;1.200;0.000;0.000;0.000
3/7/2009;22:08:00;0.234;0.116;241.240;1.000;0.000;0.000;1.000
23/1/2007;18:41:00;2.492;0.114;241.220;10.400;0.000;0.000;0.000
21/7/2010;19:20:00;0.274;0.116;240.550;1.200;0.000;0.000;1.000
28/8/2007;09:55:00;0.262;0.218;240.540;1.400;0.000;1.000;0.000
3/9/2010;06:44:00;0.812;0.064;239.730;3.400;0.000;0.000;1.000
22/3/2008;07:43:00;0.382;0.118;245.130;1.600;0.000;1.000;0.000
18/3/2010;22:24:00;0.820;0.088;239.870;3.400;0.000;0.000;1.000
29/6/2007;22:05:00;1.694;0.190;239.410;7.600;1.000;0.000;0.000
16/12/2007;19:38:00;3.204;0.482;237.370;13.800;0.000;2.000;18.000
5/6/2008;00:11:00;0.272;0.090;237.270;1.200;0.000;0.000;1.000
25/10/2010;20:28:00;1.690;0.284;243.560;7.000;0.000;0.000;1.000
6/2/2010;08:56:00;1.336;0.058;238.550;5.600;0.000;0.000;18.000
11/10/2008;09:08:00;1.586;0.160;236.780;6.600;0.000;0.000;18.000
4/3/2010;00:36:00;0.268;0.000;242.510;1.200;0.000;0.000;1.000
1/2/2007;16:09:00;0.240;0.000;241.340;1.000;0.000;0.000;0.000
4/5/2009;11:13:00;1.394;0.062;242.010;5.600;0.000;0.000;19.000
10/11/2010;00:47:00;0.622;0.046;241.510;2.600;0.000;0.000;0.000
16/9/2007;05:48:00;0.110;0.000;242.170;0.400;0.000;0.000;0.000
22/10/2009;15:23:00;0.418;0.216;244.520;1.800;0.000;0.000;1.000
3/9/2009;03:02:00;0.398;0.232;240.470;2.000;0.000;1.000;1.000
23/12/2008;03:26:00;0.216;0.000;245.300;0.800;0.000;0.000;0.000
22/1/2009;22:57:00;0.368;0.096;245.950;1.600;0.000;0.000;0.000
27/12/2008;13:43:00;1.622;0.148;242.020;6.600;0.000;0.000;0.000
30/5/2007;03:17:00;0.294;0.052;236.040;1.400;0.000;1.000;0.000
20/3/2009;16:35:00;0.324;0.116;246.420;1.400;0.000;0.000;0.000
16/1/2007;07:02:00;3.494;0.198;242.140;14.800;0.000;0.000;18.000
30/12/2008;07:52:00;0.390;0.216;244.840;1.800;0.000;1.000;0.000
26/12/2007;20:41:00;0.442;0.114;239.110;1.800;0.000;0.000;0.000
31/5/2010;09:23:00;1.236;0.000;238.140;5.200;0.000;0.000;18.000
25/11/2009;07:12:00;2.522;0.000;240.940;10.400;0.000;0.000;18.000
14/10/2009;09:35:00;3.438;0.050;235.290;14.600;37.000;0.000;17.000
21/5/2009;22:21:00;0.898;0.250;242.210;4.000;0.000;1.000;11.000
19/4/2007;14:52:00;0.446;0.230;239.790;2.000;0.000;0.000;0.000
10/3/2008;18:09:00;0.484;0.206;241.670;2.200;0.000;0.000;0.000
13/5/2010;12:12:00;1.444;0.070;239.790;6.000;1.000;0.000;19.000
29/7/2009;11:41:00;1.342;0.088;240.170;5.600;0.000;1.000;19.000
18/8/2010;15:42:00;?;?;?;?;?;?;
14/7/2008;18:32:00;2.030;0.278;236.940;8.800;0.000;21.000;1.000
2/2/2009;17:39:00;0.276;0.000;244.380;1.200;0.000;0.000;0.000
18/5/2009;15:17:00;0.408;0.204;241.980;1.800;0.000;0.000;0.000
31/12/2007;22:44:00;1.614;0.084;240.020;6.600;0.000;1.000;18.000
14/2/2008;08:50:00;4.030;0.000;236.470;17.400;33.000;0.000;17.000
25/10/2008;04:11:00;1.460;0.046;244.060;6.000;0.000;0.000;18.000
13/12/2008;00:31:00;0.210;0.054;242.650;0.800;0.000;0.000;0.000
28/3/2010;07:58:00;0.362;0.126;245.510;1.600;0.000;0.000;1.000
15/5/2008;06:20:00;3.616;0.198;236.330;15.400;0.000;0.000;1.000
30/11/2007;14:07:00;4.096;0.000;243.950;17.000;0.000;31.000;18.000
26/6/2007;04:25:00;0.192;0.092;241.050;0.800;0.000;1.000;0.000
27/10/2010;11:35:00;3.694;0.104;242.890;15.200;0.000;38.000;19.000
1/7/2010;20:39:00;0.472;0.174;239.550;2.200;0.000;0.000;1.000
5/3/2010;22:24:00;0.516;0.116;240.980;2.200;0.000;0.000;1.000
12/3/2010;04:52:00;0.316;0.102;243.650;1.400;0.000;0.000;1.000
14/2/2010;15:23:00;1.944;0.196;246.010;7.800;0.000;1.000;19.000
28/8/2010;13:02:00;4.000;0.716;240.940;17.600;23.000;2.000;30.000
29/1/2007;08:17:00;1.398;0.064;238.890;5.800;0.000;0.000;17.000
4/2/2008;00:41:00;0.326;0.104;243.390;1.400;0.000;0.000;0.000
10/8/2008;17:32:00;0.080;0.000;240.000;0.200;0.000;0.000;1.000
26/6/2009;16:24:00;0.942;0.244;240.140;4.000;0.000;0.000;12.000
14/9/2010;03:35:00;0.216;0.072;242.220;1.000;0.000;1.000;1.000
21/4/2009;04:45:00;1.302;0.000;241.470;5.400;0.000;0.000;1.000
20/8/2009;11:20:00;0.850;0.130;239.670;3.600;0.000;0.000;13.000
30/11/2007;11:12:00;1.602;0.064;243.070;6.600;0.000;0.000;19.000
1/12/2009;14:21:00;0.966;0.000;247.180;3.800;0.000;0.000;1.000
14/12/2009;16:21:00;0.726;0.108;248.360;3.000;0.000;0.000;0.000
7/5/2010;05:37:00;0.338;0.062;237.090;1.400;0.000;0.000;0.000
19/8/2007;02:21:00;0.176;0.104;241.240;0.800;0.000;0.000;0.000
13/2/2008;07:28:00;2.272;0.096;238.960;9.400;0.000;1.000;18.000
3/5/2007;08:36:00;1.092;0.046;230.910;4.600;0.000;0.000;16.000
24/6/2010;09:25:00;1.292;0.000;243.100;5.200;0.000;0.000;19.000
13/3/2009;22:10:00;1.628;0.000;242.110;6.600;0.000;0.000;18.000
28/6/2010;03:01:00;0.726;0.336;240.570;3.200;0.000;2.000;1.000
6/11/2008;09:20:00;1.516;0.116;239.510;6.200;0.000;0.000;17.000
6/6/2007;09:28:00;1.448;0.152;230.700;6.400;0.000;2.000;16.000
22/12/2009;19:02:00;3.128;0.076;244.400;12.800;0.000;0.000;18.000
13/5/2009;06:20:00;0.460;0.196;242.480;2.000;0.000;1.000;1.000
28/2/2009;18:46:00;5.932;0.468;234.090;25.400;0.000;71.000;8.000
4/6/2010;06:50:00;1.622;0.000;238.760;6.800;0.000;0.000;18.000
22/3/2009;00:50:00;0.244;0.000;242.250;1.200;0.000;0.000;0.000
3/7/2009;06:16:00;0.310;0.246;243.350;1.600;0.000;1.000;0.000
17/5/2007;18:29:00;0.358;0.098;234.800;1.600;0.000;0.000;0.000
4/3/2008;10:21:00;0.504;0.086;240.710;2.200;0.000;0.000;0.000
20/2/2008;02:05:00;0.266;0.000;248.310;1.200;0.000;0.000;0.000
16/9/2007;20:17:00;1.890;0.000;235.380;8.000;0.000;0.000;17.000
5/8/2007;13:35:00;0.102;0.000;235.740;0.400;0.000;0.000;0.000
18/10/2008;13:17:00;1.420;0.126;240.660;6.600;0.000;0.000;1.000
9/8/2010;03:39:00;0.158;0.000;242.700;0.600;0.000;0.000;0.000
17/2/2009;07:28:00;0.364;0.056;241.030;1.400;0.000;2.000;0.000
5/12/2009;22:18:00;2.406;0.092;242.480;9.800;0.000;1.000;18.000
17/12/2006;20:06:00;2.550;0.048;233.020;11.000;0.000;0.000;17.000
4/5/2009;21:11:00;2.290;0.060;239.020;9.600;1.000;0.000;18.000
11/6/2008;10:56:00;0.290;0.104;236.870;1.200;0.000;2.000;0.000
14/2/2008;07:19:00;3.266;0.144;236.370;13.800;0.000;0.000;18.000
4/12/2007;09:48:00;0.230;0.000;242.390;1.000;0.000;0.000;0.000
25/9/2007;05:14:00;0.114;0.000;241.050;0.600;0.000;0.000;0.000
23/5/2008;13:34:00;1.332;0.096;240.050;5.400;0.000;0.000;19.000
15/7/2007;23:31:00;1.268;0.082;238.630;5.200;0.000;1.000;17.000
24/8/2009;02:59:00;0.324;0.248;241.740;1.600;0.000;0.000;0.000
27/4/2007;06:06:00;0.204;0.094;235.620;1.000;0.000;0.000;0.000
27/6/2009;06:25:00;0.156;0.000;243.120;0.600;0.000;0.000;1.000
6/3/2009;15:51:00;1.696;0.114;241.630;7.200;0.000;0.000;18.000
15/9/2010;18:14:00;0.386;0.308;241.000;2.000;0.000;1.000;1.000
22/3/2007;16:09:00;0.218;0.000;243.460;0.800;0.000;0.000;0.000
17/2/2010;00:24:00;0.418;0.054;245.150;1.600;0.000;1.000;1.000
24/10/2009;16:36:00;1.406;0.068;239.570;5.800;0.000;0.000;19.000
1/3/2008;15:49:00;0.564;0.068;238.760;2.400;0.000;0.000;0.000
18/2/2009;05:42:00;0.306;0.060;242.040;1.200;0.000;0.000;0.000
25/3/2010;17:22:00;0.288;0.000;242.410;1.200;0.000;0.000;1.000
10/12/2008;07:35:00;2.594;0.136;239.610;10.800;0.000;0.000;18.000
17/9/2008;01:08:00;0.232;0.110;243.290;1.000;0.000;0.000;1.000
2/12/2007;07:12:00;0.208;0.000;242.200;0.800;0.000;0.000;0.000
12/8/2010;01:06:00;1.204;0.000;238.530;5.000;0.000;0.000;18.000
11/3/2008;10:06:00;0.690;0.242;237.420;3.200;0.000;2.000;0.000
27/7/2010;01:56:00;0.404;0.090;237.590;1.800;2.000;1.000;0.000
21/9/2010;21:00:00;2.484;0.166;237.440;10.400;0.000;1.000;18.000
5/10/2008;09:09:00;0.244;0.000;242.220;1.000;0.000;0.000;1.000
17/8/2008;05:52:00;0.170;0.148;242.860;0.800;0.000;0.000;1.000
26/7/2008;15:16:00;1.002;0.254;242.750;4.400;0.000;0.000;11.000
8/7/2007;22:46:00;1.352;0.216;239.460;5.600;0.000;1.000;18.000
11/10/2008;14:56:00;0.574;0.094;241.290;2.400;1.000;0.000;1.000
11/5/2008;11:50:00;0.992;0.116;242.040;4.600;0.000;1.000;11.000
17/6/2009;02:02:00;0.210;0.096;241.120;1.000;0.000;0.000;1.000
4/3/2009;05:55:00;0.266;0.048;245.220;1.200;0.000;0.000;0.000
23/2/2007;23:51:00;0.808;0.128;244.140;3.200;0.000;0.000;0.000
26/6/2010;19:55:00;0.342;0.246;242.660;1.600;0.000;1.000;1.000
26/6/2009;17:11:00;0.610;0.104;238.480;2.800;0.000;0.000;1.000
3/3/2009;14:30:00;1.610;0.166;240.110;6.600;0.000;0.000;18.000
20/11/2009;06:43:00;0.536;0.000;245.630;2.200;0.000;0.000;1.000
28/11/2007;11:05:00;1.360;0.068;241.600;5.600;0.000;0.000;18.000
22/5/2010;21:59:00;1.622;0.090;237.510;6.800;1.000;0.000;18.000
21/11/2007;04:31:00;0.344;0.102;245.340;1.400;0.000;0.000;0.000
14/8/2009;15:18:00;0.424;0.234;240.430;2.000;0.000;1.000;1.000
11/9/2009;05:50:00;0.246;0.116;242.890;1.000;0.000;0.000;0.000
31/7/2008;11:45:00;0.420;0.108;239.340;2.000;0.000;0.000;0.000
5/3/2007;12:53:00;0.280;0.000;242.000;1.200;0.000;0.000;0.000
15/6/2009;15:10:00;0.332;0.242;242.000;1.600;0.000;1.000;1.000
16/7/2010;14:02:00;0.744;0.048;239.480;3.200;0.000;1.000;1.000
10/4/2007;19:47:00;0.488;0.114;242.010;2.200;0.000;0.000;0.000
30/5/2008;10:06:00;1.682;0.290;234.820;7.200;0.000;3.000;18.000
14/2/2008;21:52:00;2.896;0.068;238.690;12.000;0.000;0.000;0.000
25/8/2008;14:58:00;0.156;0.120;239.920;0.800;0.000;0.000;1.000
23/5/2009;13:27:00;3.206;0.064;239.310;13.800;0.000;21.000;18.000
9/5/2010;18:35:00;0.368;0.074;239.080;1.600;0.000;0.000;0.000
6/1/2008;17:55:00;3.174;0.080;234.060;13.400;0.000;37.000;0.000
24/9/2007;11:25:00;0.264;0.202;236.030;1.400;0.000;1.000;0.000
26/5/2007;20:39:00;1.430;0.154;231.480;6.200;0.000;0.000;17.000
2/2/2007;04:31:00;0.224;0.000;242.680;1.000;0.000;0.000;0.000
2/4/2010;14:42:00;0.462;0.230;244.550;2.000;0.000;1.000;1.000
6/12/2007;16:03:00;0.228;0.000;241.610;1.000;0.000;0.000;0.000
17/3/2008;01:55:00;0.382;0.212;241.820;1.800;0.000;1.000;0.000
3/5/2007;22:26:00;1.386;0.202;236.000;5.800;0.000;1.000;17.000
15/3/2009;11:21:00;0.696;0.080;242.790;3.000;0.000;0.000;0.000
28/5/2008;21:01:00;0.698;0.154;240.330;3.000;0.000;0.000;0.000
14/1/2007;08:39:00;2.554;0.074;240.180;10.800;0.000;0.000;0.000
10/8/2007;01:54:00;0.104;0.000;236.940;0.400;0.000;0.000;0.000
24/12/2007;01:25:00;1.328;0.000;244.490;5.400;0.000;0.000;19.000
24/8/2009;08:51:00;1.690;0.202;239.970;7.200;0.000;0.000;24.000
4/5/2007;01:04:00;0.268;0.188;236.700;1.400;0.000;1.000;0.000
10/8/2010;02:53:00;0.178;0.000;242.710;0.800;0.000;0.000;1.000
11/9/2008;12:03:00;0.316;0.200;238.030;1.600;0.000;0.000;0.000
13/9/2009;05:46:00;0.132;0.000;241.540;0.600;0.000;0.000;0.000
5/2/2008;18:21:00;2.810;0.124;235.770;11.800;0.000;0.000;17.000
1/1/2010;07:33:00;0.562;0.000;241.480;2.200;0.000;0.000;1.000
2/8/2010;02:21:00;0.316;0.208;240.550;1.600;0.000;2.000;1.000
16/2/2009;22:40:00;1.368;0.054;237.980;5.600;0.000;0.000;18.000
30/11/2009;07:42:00;2.260;0.088;242.240;9.200;0.000;0.000;19.000
20/2/2008;18:58:00;4.712;0.594;235.430;20.200;0.000;1.000;17.000
13/2/2009;12:19:00;1.288;0.000;240.620;5.200;0.000;0.000;18.000
29/9/2007;15:38:00;1.524;0.212;239.350;6.400;2.000;0.000;17.000
9/3/2009;15:09:00;0.622;0.110;245.140;3.200;0.000;0.000;4.000
14/4/2010;15:34:00;1.622;0.236;241.030;7.600;0.000;22.000;0.000
15/8/2008;20:19:00;0.262;0.242;241.480;1.400;0.000;0.000;1.000
3/1/2008;19:10:00;1.966;0.000;236.030;8.200;0.000;0.000;17.000
31/7/2008;23:06:00;2.252;0.474;241.070;9.600;0.000;1.000;12.000
12/9/2009;03:41:00;0.216;0.108;243.030;1.000;0.000;2.000;0.000
15/10/2010;15:34:00;0.530;0.170;241.280;2.200;0.000;0.000;1.000
4/12/2009;06:06:00;0.322;0.000;244.930;1.400;0.000;0.000;1.000
15/12/2007;16:21:00;1.466;0.000;243.840;6.000;0.000;0.000;18.000
27/4/2009;17:10:00;0.316;0.000;239.720;1.400;0.000;0.000;0.000
9/2/2008;10:53:00;1.948;0.062;238.380;8.200;0.000;0.000;17.000
7/3/2007;02:54:00;0.280;0.062;241.310;1.200;0.000;0.000;0.000
11/10/2008;19:41:00;4.048;0.438;234.970;17.800;7.000;0.000;17.000
29/2/2008;18:19:00;0.484;0.000;234.080;2.000;0.000;0.000;0.000
20/1/2009;04:37:00;1.412;0.056;245.590;5.600;0.000;1.000;19.000
4/9/2010;00:37:00;0.274;0.060;239.970;1.200;0.000;0.000;1.000
23/11/2010;15:10:00;0.236;0.052;245.270;1.000;0.000;0.000;0.000
16/1/2009;21:30:00;4.000;0.318;239.440;16.600;38.000;1.000;0.000
28/12/2006;00:58:00;0.264;0.098;243.800;1.200;0.000;0.000;0.000
8/6/2008;15:23:00;3.956;0.200;240.090;16.400;38.000;0.000;18.000
8/7/2010;03:41:00;0.344;0.218;240.660;1.600;0.000;2.000;1.000
23/4/2008;18:28:00;0.360;0.124;242.480;1.600;0.000;0.000;0.000
16/7/2010;20:02:00;0.238;0.100;243.440;1.000;0.000;0.000;0.000
21/6/2010;01:04:00;0.966;0.306;242.850;4.200;0.000;0.000;12.000
21/9/2009;11:17:00;1.412;0.230;240.130;5.800;0.000;2.000;18.000
9/3/2008;11:25:00;0.628;0.318;238.170;3.000;0.000;1.000;0.000
15/3/2009;18:19:00;0.410;0.082;241.290;1.800;0.000;0.000;0.000
11/4/2008;04:11:00;0.258;0.000;244.110;1.000;0.000;0.000;1.000
15/2/2008;16:49:00;1.398;0.086;241.560;5.800;0.000;0.000;18.000
21/11/2010;08:48:00;1.394;0.062;241.690;5.800;0.000;0.000;18.000
28/12/2006;23:28:00;2.914;0.274;244.090;12.000;0.000;2.000;0.000
7/6/2007;05:23:00;0.268;0.076;234.460;1.200;0.000;0.000;0.000
1/8/2009;16:51:00;1.200;0.000;239.150;5.000;0.000;0.000;18.000
3/6/2010;20:24:00;0.360;0.210;242.110;1.800;0.000;0.000;0.000
27/8/2010;07:18:00;0.176;0.000;240.790;0.800;0.000;0.000;0.000
19/4/2008;01:01:00;0.686;0.124;244.150;2.800;0.000;0.000;1.000
3/8/2009;16:07:00;0.234;0.136;244.070;1.000;0.000;0.000;1.000
18/10/2010;04:14:00;0.362;0.098;243.350;1.600;0.000;0.000;1.000
11/2/2008;11:46:00;1.298;0.000;241.560;5.200;0.000;0.000;18.000
12/5/2008;10:56:00;2.336;0.234;236.350;10.000;1.000;1.000;23.000
12/11/2007;02:28:00;1.402;0.056;242.210;5.800;0.000;0.000;18.000
17/6/2010;16:48:00;0.278;0.106;239.990;1.200;0.000;0.000;1.000
12/5/2010;23:54:00;0.370;0.098;241.390;1.600;0.000;0.000;1.000
18/2/2010;02:00:00;0.248;0.054;244.250;1.000;0.000;0.000;1.000
27/12/2007;09:46:00;0.922;0.000;241.490;3.800;0.000;0.000;0.000
25/8/2008;22:48:00;0.182;0.154;241.950;1.000;0.000;0.000;1.000
9/8/2010;23:27:00;0.256;0.124;242.470;1.200;0.000;0.000;1.000
3/5/2010;21:47:00;2.452;0.188;232.730;10.600;0.000;0.000;27.000
25/2/2007;11:41:00;0.302;0.136;246.590;1.400;0.000;1.000;0.000
26/9/2009;23:57:00;0.598;0.000;241.970;2.400;0.000;0.000;1.000
27/1/2009;14:17:00;0.452;0.086;244.900;1.800;0.000;0.000;0.000
6/1/2010;01:21:00;0.342;0.120;244.820;1.400;0.000;0.000;1.000
16/5/2010;05:34:00;0.386;0.092;241.220;1.600;0.000;0.000;0.000
17/3/2010;10:12:00;1.396;0.116;240.200;5.800;0.000;0.000;19.000
10/8/2009;23:39:00;1.386;0.234;241.320;5.800;0.000;2.000;19.000
6/7/2007;14:09:00;0.232;0.118;240.330;1.000;0.000;0.000;0.000
25/9/2007;13:27:00;0.732;0.000;239.030;3.000;0.000;0.000;0.000
5/5/2010;06:57:00;2.222;0.054;233.890;9.800;0.000;1.000;18.000
27/7/2008;01:57:00;0.400;0.326;238.110;2.000;0.000;2.000;1.000
24/4/2009;04:35:00;1.468;0.120;240.150;6.000;0.000;0.000;18.000
6/11/2010;01:42:00;1.046;0.448;240.190;4.600;0.000;1.000;12.000
22/7/2009;01:56:00;0.228;0.102;241.760;1.000;0.000;0.000;0.000
31/8/2009;17:48:00;0.532;0.340;242.470;2.600;0.000;1.000;0.000
19/2/2009;22:41:00;0.456;0.168;243.750;2.000;0.000;1.000;0.000
13/3/2010;22:21:00;1.434;0.106;241.200;5.800;0.000;0.000;19.000
27/9/2009;21:30:00;2.252;0.108;239.080;9.400;1.000;0.000;18.000
22/4/2010;05:28:00;0.350;0.058;239.820;1.400;0.000;0.000;1.000
10/5/2010;00:38:00;0.268;0.050;242.720;1.200;0.000;0.000;0.000
17/2/2010;10:31:00;1.508;0.060;241.560;6.200;0.000;0.000;18.000
12/1/2007;15:52:00;0.218;0.000;245.250;1.000;0.000;0.000;0.000
11/4/2010;17:57:00;0.452;0.066;241.240;2.000;0.000;0.000;1.000
12/6/2008;08:27:00;2.258;0.228;235.120;10.200;1.000;0.000;18.000
18/12/2009;23:32:00;0.472;0.070;249.150;1.800;0.000;0.000;0.000
4/1/2007;01:51:00;2.466;0.266;240.040;10.200;0.000;2.000;0.000
4/1/2007;22:04:00;0.550;0.154;238.550;2.400;0.000;0.000;0.000
30/11/2008;06:31:00;0.316;0.086;244.920;1.200;0.000;0.000;0.000
27/5/2007;17:01:00;1.852;0.264;236.230;7.800;1.000;1.000;17.000
20/1/2010;04:42:00;0.270;0.000;247.290;1.000;0.000;0.000;1.000
1/2/2009;00:41:00;2.856;0.116;244.700;11.600;0.000;0.000;18.000
18/6/2007;18:48:00;0.172;0.122;240.000;0.800;0.000;1.000;0.000
3/11/2007;23:20:00;0.286;0.086;243.460;1.200;0.000;0.000;0.000
12/7/2010;12:00:00;1.236;0.368;238.510;5.400;0.000;1.000;12.000
11/7/2007;14:01:00;0.128;0.000;237.870;0.600;0.000;0.000;0.000
19/12/2008;00:53:00;0.372;0.100;242.040;1.600;0.000;0.000;0.000
15/6/2008;08:12:00;0.380;0.228;237.520;1.800;0.000;1.000;1.000
24/8/2007;14:28:00;3.610;0.234;238.120;15.200;0.000;34.000;17.000
16/8/2010;06:22:00;0.268;0.050;241.850;1.400;0.000;0.000;1.000
2/10/2009;15:43:00;1.304;0.102;242.400;5.400;0.000;0.000;18.000
15/11/2010;06:14:00;0.304;0.088;246.830;1.200;0.000;1.000;0.000
26/10/2007;02:03:00;0.504;0.104;244.220;2.400;0.000;0.000;0.000
22/2/2009;07:49:00;0.412;0.078;243.600;1.600;0.000;0.000;0.000
8/7/2008;09:07:00;0.810;0.132;241.350;3.400;0.000;0.000;0.000
5/10/2008;19:25:00;0.324;0.084;241.640;1.400;0.000;0.000;1.000
19/9/2010;12:11:00;0.144;0.000;244.060;0.600;0.000;0.000;1.000
24/3/2007;03:16:00;0.290;0.094;245.860;1.200;0.000;1.000;0.000
1/11/2010;22:30:00;1.412;0.076;250.360;5.600;0.000;0.000;1.000
7/3/2010;03:03:00;0.444;0.000;246.830;1.800;0.000;0.000;1.000
8/10/2009;20:07:00;1.962;0.158;240.020;8.200;0.000;1.000;1.000
9/11/2009;10:11:00;1.318;0.000;242.320;5.400;0.000;0.000;18.000
5/12/2007;22:38:00;0.984;0.214;241.870;4.200;0.000;0.000;0.000
3/5/2010;07:31:00;1.844;0.054;234.300;7.800;0.000;0.000;17.000
17/5/2007;03:31:00;0.224;0.000;237.040;1.000;0.000;0.000;0.000
14/4/2010;18:45:00;0.340;0.102;242.480;1.400;0.000;0.000;0.000
21/8/2007;23:56:00;0.234;0.140;242.080;1.200;0.000;0.000;0.000
18/10/2010;01:48:00;0.418;0.212;241.360;1.800;0.000;1.000;1.000
6/7/2010;23:28:00;0.350;0.202;239.550;1.600;0.000;1.000;0.000
12/3/2007;07:01:00;5.136;0.058;240.170;21.400;0.000;0.000;18.000
17/7/2007;22:23:00;1.940;0.182;236.100;8.200;0.000;1.000;17.000
15/8/2007;04:55:00;0.232;0.172;239.420;1.200;0.000;1.000;0.000
15/4/2008;04:45:00;0.344;0.134;243.380;1.400;0.000;1.000;1.000
20/11/2009;09:53:00;1.796;0.000;239.920;7.400;0.000;0.000;19.000
4/7/2009;21:24:00;0.424;0.376;241.020;2.400;0.000;1.000;1.000
11/1/2009;03:31:00;0.234;0.000;251.730;1.000;0.000;0.000;0.000
17/11/2010;15:26:00;0.230;0.058;242.350;1.000;0.000;0.000;0.000
15/10/2009;04:33:00;0.382;0.184;242.160;1.600;0.000;1.000;0.000
30/8/2007;21:51:00;1.436;0.000;239.390;6.000;1.000;0.000;0.000
4/12/2008;11:38:00;1.324;0.066;240.050;5.400;0.000;0.000;18.000
18/9/2009;07:34:00;2.216;0.122;238.120;9.200;0.000;0.000;18.000
17/2/2009;21:43:00;0.382;0.000;243.790;1.600;0.000;0.000;0.000
25/12/2006;11:28:00;3.156;0.052;240.810;13.200;0.000;0.000;17.000
2/6/2007;13:06:00;1.276;0.410;234.410;6.600;0.000;2.000;0.000
7/1/2009;16:02:00;0.366;0.118;252.500;1.600;0.000;1.000;0.000
22/5/2008;13:36:00;0.156;0.000;239.750;0.600;0.000;0.000;1.000
24/5/2009;21:04:00;1.248;0.188;242.150;5.200;0.000;0.000;12.000
10/6/2009;00:48:00;0.242;0.000;241.430;1.000;0.000;0.000;0.000
25/2/2007;20:33:00;0.220;0.000;243.410;0.800;0.000;0.000;0.000
11/5/2008;23:41:00;0.170;0.000;244.800;0.600;0.000;0.000;1.000
21/4/2009;23:03:00;0.570;0.070;242.920;2.400;0.000;1.000;0.000
11/2/2010;03:42:00;0.506;0.320;245.690;2.400;0.000;1.000;1.000
2/7/2008;22:55:00;0.452;0.144;240.090;2.000;2.000;0.000;1.000
20/9/2010;08:59:00;1.430;0.180;240.880;6.000;0.000;0.000;19.000
29/10/2008;19:44:00;0.782;0.064;239.420;3.200;0.000;0.000;0.000
21/8/2009;19:02:00;1.582;0.320;239.820;6.600;0.000;1.000;18.000
6/1/2009;04:38:00;0.380;0.106;247.720;1.600;0.000;0.000;0.000
30/10/2007;07:20:00;0.364;0.204;242.790;1.600;0.000;1.000;0.000
26/1/2008;18:16:00;1.808;0.046;234.590;7.600;0.000;0.000;17.000
17/2/2009;13:33:00;0.392;0.198;239.850;1.800;0.000;1.000;0.000
6/9/2010;23:57:00;0.358;0.098;243.580;1.600;0.000;2.000;1.000
3/3/2009;13:33:00;1.430;0.118;241.120;6.000;0.000;0.000;17.000
23/7/2009;20:11:00;1.278;0.096;242.240;5.200;0.000;0.000;19.000
23/10/2009;06:39:00;0.242;0.000;244.270;1.000;0.000;0.000;1.000
1/8/2008;02:01:00;1.004;0.314;237.980;4.400;0.000;0.000;13.000
27/10/2008;03:16:00;0.212;0.048;245.100;0.800;0.000;0.000;0.000
1/7/2008;21:40:00;1.446;0.256;238.630;6.000;2.000;0.000;18.000
25/10/2009;02:48:00;2.658;0.178;240.610;11.000;39.000;1.000;1.000
7/5/2007;12:37:00;1.334;0.190;234.600;5.600;0.000;0.000;16.000
24/5/2008;14:39:00;1.276;0.096;239.550;5.200;0.000;0.000;18.000
27/2/2009;17:17:00;1.746;0.144;242.420;7.200;0.000;0.000;18.000
1/6/2010;16:39:00;0.396;0.000;241.260;1.600;0.000;1.000;1.000
19/7/2007;13:36:00;0.280;0.208;233.580;1.400;0.000;2.000;0.000
14/11/2007;20:40:00;2.190;0.070;238.600;9.000;0.000;0.000;18.000
25/6/2008;10:04:00;0.412;0.344;238.580;2.200;0.000;1.000;0.000
14/1/2007;13:31:00;1.566;0.154;241.990;6.400;0.000;0.000;18.000
10/6/2010;16:41:00;0.470;0.336;241.560;2.400;0.000;2.000;0.000
8/10/2009;15:57:00;0.428;0.242;242.470;2.000;0.000;1.000;0.000
3/2/2010;02:21:00;1.594;0.226;244.140;6.600;0.000;1.000;19.000
1/5/2008;18:29:00;0.246;0.000;240.440;1.000;0.000;0.000;1.000
19/9/2009;08:44:00;1.442;0.074;238.990;6.000;0.000;0.000;19.000
17/9/2009;03:45:00;0.390;0.254;244.820;1.800;0.000;1.000;1.000
15/4/2007;12:53:00;0.212;0.000;238.540;0.800;0.000;0.000;0.000
11/9/2010;04:11:00;0.334;0.192;243.490;1.600;0.000;0.000;1.000
5/3/2010;09:04:00;0.294;0.000;242.210;1.200;0.000;0.000;1.000
6/9/2009;12:59:00;1.582;0.220;245.140;6.400;1.000;0.000;19.000
18/2/2008;01:16:00;0.426;0.242;243.320;2.000;0.000;1.000;0.000
6/11/2008;15:53:00;0.920;0.000;243.280;4.000;0.000;0.000;0.000
22/8/2007;19:29:00;4.526;0.376;236.660;19.200;36.000;0.000;17.000
28/5/2007;23:56:00;0.394;0.168;235.370;1.800;0.000;0.000;0.000
8/4/2008;10:30:00;4.382;0.136;240.440;18.200;0.000;38.000;18.000
5/12/2008;17:47:00;1.818;0.072;240.950;7.400;0.000;0.000;0.000
25/5/2007;08:13:00;1.464;0.196;232.790;6.200;1.000;1.000;17.000
7/3/2008;04:17:00;0.276;0.000;243.460;1.200;0.000;0.000;0.000
23/2/2009;06:07:00;1.312;0.000;245.430;5.200;0.000;0.000;0.000
14/4/2008;08:01:00;1.698;0.000;240.190;7.000;0.000;0.000;18.000
5/8/2008;04:29:00;0.406;0.318;239.580;2.000;0.000;1.000;0.000
14/10/2008;07:06:00;1.846;0.258;235.430;7.800;0.000;1.000;17.000
26/10/2009;03:13:00;0.408;0.218;242.250;1.800;0.000;0.000;1.000
22/12/2008;11:40:00;2.112;0.166;240.460;8.800;0.000;2.000;18.000
28/12/2006;14:39:00;1.496;0.000;243.910;6.200;0.000;0.000;18.000
24/10/2010;07:50:00;0.362;0.084;243.670;1.400;0.000;2.000;1.000
18/11/2009;00:50:00;0.392;0.218;241.690;1.800;0.000;1.000;1.000
13/9/2010;06:01:00;0.142;0.000;240.330;0.600;0.000;0.000;0.000
26/2/2009;14:25:00;0.318;0.114;243.570;1.400;0.000;0.000;0.000
26/6/2007;12:59:00;0.198;0.106;240.130;1.000;0.000;1.000;0.000
13/9/2009;05:58:00;0.228;0.124;241.530;1.000;0.000;0.000;1.000
25/9/2007;06:52:00;2.420;0.098;235.550;11.200;0.000;0.000;17.000
28/12/2006;13:15:00;0.678;0.200;244.100;2.800;0.000;2.000;0.000
12/3/2010;20:47:00;0.758;0.102;243.410;3.000;0.000;0.000;1.000
4/4/2008;08:04:00;1.998;0.160;237.290;8.400;0.000;0.000;17.000
7/5/2007;13:33:00;1.698;0.452;232.910;7.400;0.000;2.000;16.000
20/1/2009;07:12:00;2.204;0.198;239.110;9.200;0.000;2.000;17.000
18/5/2008;09:56:00;0.808;0.220;239.540;3.400;0.000;0.000;1.000
14/6/2010;15:41:00;0.272;0.104;241.420;1.200;0.000;0.000;0.000
18/5/2010;07:00:00;1.662;0.046;240.620;6.800;0.000;0.000;19.000
30/3/2010;04:25:00;0.550;0.454;245.660;2.800;0.000;1.000;1.000
9/11/2007;17:30:00;1.400;0.000;235.650;5.800;0.000;0.000;17.000
7/3/2007;02:12:00;0.246;0.000;240.310;1.000;0.000;0.000;0.000
7/1/2008;13:48:00;0.316;0.090;242.410;1.400;0.000;0.000;0.000
11/6/2008;16:58:00;0.220;0.000;240.380;1.000;0.000;0.000;0.000
25/6/2008;16:11:00;0.518;0.358;240.580;3.800;0.000;0.000;1.000
4/4/2009;09:59:00;1.610;0.320;241.730;6.800;0.000;1.000;18.000
28/12/2008;21:01:00;0.202;0.000;241.370;0.800;0.000;0.000;0.000
11/7/2008;17:37:00;0.456;0.164;239.640;2.400;0.000;0.000;5.000
24/9/2007;10:56:00;0.248;0.176;236.400;1.200;0.000;1.000;0.000
20/12/2008;17:48:00;3.720;0.086;238.020;15.600;0.000;0.000;18.000
5/3/2008;18:29:00;4.328;0.168;236.370;18.200;0.000;37.000;0.000
26/3/2010;12:51:00;0.692;0.208;241.720;3.000;0.000;1.000;0.000
3/9/2010;07:59:00;1.492;0.086;239.310;6.200;0.000;1.000;18.000
10/7/2007;19:36:00;0.404;0.104;239.250;2.000;0.000;0.000;0.000
1/1/2010;21:03:00;0.466;0.176;245.270;2.000;0.000;0.000;1.000
22/5/2007;08:51:00;0.426;0.000;234.390;2.200;0.000;0.000;0.000
19/4/2008;11:39:00;1.648;0.148;239.110;7.000;0.000;0.000;18.000
31/5/2008;23:02:00;2.580;0.522;240.150;11.000;0.000;2.000;1.000
9/8/2009;05:09:00;0.140;0.000;243.610;0.600;0.000;0.000;1.000
5/8/2008;11:43:00;1.524;0.000;235.970;6.400;0.000;0.000;17.000
1/7/2007;20:00:00;0.852;0.204;238.820;3.800;0.000;1.000;0.000
6/9/2010;19:33:00;0.936;0.000;240.870;3.800;0.000;0.000;1.000
23/2/2007;07:29:00;2.362;0.000;239.550;9.800;0.000;0.000;19.000
27/5/2008;20:55:00;0.654;0.230;239.530;3.000;0.000;1.000;1.000
12/11/2007;04:51:00;0.244;0.000;241.050;1.000;0.000;0.000;0.000
16/9/2007;15:01:00;1.638;0.212;237.780;7.000;0.000;1.000;17.000
30/3/2007;20:14:00;0.812;0.202;237.070;3.400;0.000;1.000;0.000
18/4/2010;02:40:00;1.348;0.072;242.000;5.600;0.000;0.000;18.000
21/9/2008;03:04:00;0.158;0.000;242.480;0.600;0.000;0.000;1.000
21/11/2010;01:19:00;0.348;0.078;241.480;1.400;0.000;0.000;0.000
13/10/2007;22:01:00;3.690;0.054;235.020;15.600;0.000;3.000;17.000
27/12/2006;03:45:00;0.396;0.000;248.110;1.800;0.000;0.000;0.000
11/12/2009;07:49:00;2.438;0.240;240.210;10.200;0.000;0.000;18.000
8/6/2007;01:14:00;0.272;0.068;235.510;1.200;0.000;0.000;0.000
2/6/2007;21:17:00;0.480;0.194;235.080;2.200;0.000;2.000;0.000
5/9/2008;22:11:00;0.376;0.144;239.530;1.600;0.000;0.000;0.000
4/1/2008;18:27:00;1.880;0.062;236.080;8.000;0.000;0.000;17.000
11/9/2009;08:51:00;1.894;0.202;237.890;8.000;0.000;0.000;28.000
29/1/2010;19:39:00;0.406;0.160;243.820;1.800;0.000;0.000;1.000
22/3/2009;02:48:00;0.316;0.096;242.710;1.400;0.000;0.000;0.000
12/8/2007;15:57:00;0.276;0.226;238.290;1.400;0.000;0.000;0.000
10/8/2008;11:29:00;0.158;0.122;240.940;0.800;0.000;0.000;1.000
25/12/2006;12:52:00;3.128;0.466;242.290;13.600;30.000;0.000;0.000
12/12/2009;18:06:00;3.808;0.332;239.050;16.000;0.000;20.000;18.000
10/3/2008;07:52:00;1.366;0.000;239.700;5.600;2.000;0.000;17.000
7/2/2007;06:43:00;2.420;0.000;241.380;10.000;0.000;0.000;18.000
27/9/2007;14:44:00;0.204;0.000;240.310;0.800;0.000;0.000;0.000
26/4/2009;09:35:00;1.830;0.330;240.650;7.600;0.000;0.000;18.000
8/10/2010;09:15:00;1.404;0.000;238.170;5.800;0.000;0.000;18.000
25/2/2008;00:25:00;0.214;0.000;241.230;0.800;0.000;0.000;0.000
11/8/2010;16:16:00;0.254;0.118;240.590;1.200;0.000;0.000;1.000
25/11/2010;08:59:00;0.922;0.216;240.500;3.800;1.000;0.000;0.000
29/1/2007;21:37:00;1.470;0.182;239.540;6.200;1.000;2.000;0.000
28/12/2008;23:02:00;0.288;0.074;247.080;1.200;0.000;0.000;0.000
30/8/2010;13:52:00;1.346;0.000;241.720;5.600;2.000;0.000;19.000
9/11/2007;07:42:00;1.688;0.000;237.860;7.000;0.000;0.000;18.000
3/2/2009;13:50:00;1.848;0.106;243.370;8.200;7.000;2.000;18.000
10/1/2009;04:25:00;0.224;0.000;245.630;1.000;0.000;0.000;0.000
9/9/2007;07:58:00;0.196;0.094;239.140;0.800;0.000;1.000;0.000
11/3/2008;11:08:00;0.648;0.148;239.260;3.000;0.000;0.000;0.000
26/10/2010;09:05:00;3.206;0.328;236.070;14.000;0.000;37.000;1.000
30/6/2008;15:55:00;0.480;0.240;239.800;2.400;0.000;2.000;0.000
8/6/2008;04:31:00;0.240;0.118;243.010;1.000;0.000;1.000;1.000
9/12/2009;08:45:00;1.452;0.106;240.440;6.000;2.000;0.000;18.000
22/8/2008;18:48:00;0.170;0.142;241.500;0.800;0.000;1.000;1.000
9/10/2009;02:32:00;0.322;0.124;241.320;1.400;0.000;0.000;0.000
21/1/2009;11:55:00;1.390;0.058;244.690;5.600;0.000;0.000;19.000
20/4/2007;20:14:00;0.652;0.312;241.010;3.000;0.000;0.000;0.000
13/6/2008;14:12:00;2.100;0.256;236.970;9.600;0.000;29.000;1.000
19/7/2007;09:35:00;0.190;0.060;228.740;0.800;0.000;0.000;0.000
3/6/2009;22:12:00;1.236;0.222;239.700;5.200;0.000;0.000;1.000
3/3/2007;21:26:00;1.422;0.208;236.460;6.000;0.000;2.000;17.000
3/8/2008;19:09:00;0.212;0.102;234.190;1.000;0.000;1.000;0.000
30/11/2007;03:43:00;0.394;0.048;245.210;1.800;0.000;0.000;0.000
10/1/2010;00:30:00;1.400;0.000;247.240;5.600;0.000;0.000;19.000
21/7/2009;22:43:00;0.222;0.112;244.080;1.000;0.000;0.000;0.000
12/2/2007;23:37:00;1.412;0.084;243.680;5.800;0.000;0.000;18.000
28/12/2006;11:18:00;0.336;0.192;244.790;1.600;0.000;0.000;0.000
7/11/2008;14:24:00;1.582;0.048;241.190;6.600;0.000;1.000;18.000
2/3/2009;22:52:00;0.284;0.050;245.420;1.200;0.000;0.000;0.000
23/5/2010;03:58:00;0.438;0.244;243.030;2.000;0.000;0.000;0.000
19/11/2009;08:43:00;2.330;0.302;240.340;9.800;0.000;1.000;18.000
21/2/2008;02:24:00;0.412;0.254;246.020;2.000;0.000;2.000;0.000
8/7/2010;12:10:00;0.258;0.094;239.770;1.200;0.000;0.000;1.000
24/2/2009;03:17:00;0.228;0.000;244.600;1.000;0.000;0.000;0.000
2/6/2009;10:50:00;0.926;0.214;238.290;5.600;0.000;0.000;1.000
3/7/2009;22:48:00;0.846;0.144;244.130;3.400;0.000;0.000;12.000
20/2/2010;23:54:00;0.370;0.076;244.980;1.400;0.000;0.000;1.000
10/1/2010;02:25:00;0.358;0.168;244.620;1.600;0.000;1.000;1.000
9/5/2010;17:39:00;1.160;0.500;240.930;5.200;0.000;2.000;12.000
26/3/2007;15:13:00;0.266;0.000;245.200;1.200;0.000;0.000;0.000
15/8/2010;04:38:00;0.160;0.000;243.920;0.600;0.000;0.000;1.000
10/2/2010;14:05:00;1.300;0.000;242.280;5.200;0.000;17.000;0.000
2/8/2009;11:16:00;0.136;0.000;239.770;0.600;0.000;0.000;1.000
6/7/2010;12:10:00;0.248;0.062;240.100;1.000;0.000;0.000;1.000
23/4/2010;20:39:00;0.396;0.202;240.940;1.800;0.000;1.000;1.000
27/10/2009;03:44:00;1.402;0.112;241.770;5.800;0.000;0.000;19.000
3/7/2010;17:54:00;0.536;0.298;242.410;2.600;0.000;1.000;0.000
4/9/2007;06:13:00;0.216;0.126;240.160;1.000;0.000;0.000;0.000
23/4/2009;23:59:00;0.494;0.276;244.370;2.200;0.000;1.000;0.000
14/5/2007;01:47:00;1.332;0.112;236.940;5.600;0.000;0.000;17.000
7/9/2010;15:49:00;0.162;0.062;242.240;0.800;0.000;0.000;1.000
6/1/2009;12:00:00;1.366;0.066;244.400;5.600;0.000;0.000;18.000
19/9/2008;15:39:00;0.282;0.110;242.850;1.200;0.000;0.000;0.000
16/10/2010;23:53:00;0.516;0.328;241.790;2.400;0.000;1.000;1.000
22/2/2007;00:04:00;1.842;0.064;241.810;7.600;0.000;0.000;18.000
22/12/2009;07:15:00;3.784;0.268;242.410;15.600;0.000;0.000;19.000
16/5/2007;09:51:00;1.258;0.000;235.470;5.200;0.000;0.000;17.000
13/10/2007;03:32:00;0.400;0.206;239.170;1.800;0.000;1.000;0.000
28/5/2008;01:33:00;0.298;0.158;243.060;1.400;0.000;0.000;1.000
8/9/2007;01:38:00;0.116;0.000;242.650;0.600;0.000;0.000;0.000
22/7/2008;08:21:00;1.588;0.254;237.800;6.800;0.000;2.000;21.000
30/4/2009;17:05:00;0.384;0.000;245.620;1.800;0.000;0.000;0.000
5/1/2010;18:36:00;2.696;0.156;239.260;11.200;0.000;0.000;18.000
19/9/2009;20:06:00;1.550;0.118;239.070;6.400;0.000;0.000;0.000
5/5/2007;07:52:00;1.444;0.088;232.900;6.200;0.000;2.000;16.000
24/4/2007;21:53:00;1.584;0.080;235.420;6.600;2.000;0.000;0.000
5/2/2007;14:02:00;0.398;0.154;241.420;1.800;0.000;0.000;0.000
7/6/2010;12:24:00;0.250;0.074;243.160;1.000;0.000;0.000;1.000
4/1/2007;07:36:00;2.274;0.000;239.200;9.400;0.000;0.000;0.000
19/5/2007;05:26:00;0.292;0.052;235.090;1.200;0.000;0.000;0.000
16/9/2008;06:30:00;1.292;0.062;238.180;5.400;0.000;0.000;18.000
11/8/2007;00:48:00;1.146;0.000;235.350;4.800;0.000;0.000;17.000
17/1/2008;11:04:00;1.370;0.078;239.870;5.600;0.000;0.000;18.000
8/10/2010;08:43:00;1.416;0.050;238.760;5.800;0.000;0.000;18.000
16/10/2009;16:23:00;1.780;0.166;240.560;7.400;0.000;0.000;18.000
19/2/2007;16:57:00;0.252;0.000;244.300;1.000;0.000;0.000;0.000
27/1/2009;15:55:00;0.550;0.370;247.310;2.600;0.000;1.000;0.000
31/8/2010;01:52:00;0.254;0.066;240.950;1.000;0.000;0.000;1.000
17/8/2009;13:52:00;0.178;0.046;240.970;0.800;0.000;0.000;0.000
29/6/2010;05:12:00;0.240;0.104;240.460;1.000;0.000;1.000;1.000
19/2/2009;07:25:00;1.478;0.048;239.770;6.000;0.000;0.000;17.000
17/9/2010;13:23:00;0.380;0.046;242.590;1.600;0.000;2.000;1.000
17/12/2008;01:47:00;0.270;0.000;243.430;1.200;0.000;0.000;0.000
8/5/2009;08:59:00;1.518;0.000;239.530;6.200;0.000;0.000;18.000
13/10/2008;09:33:00;1.422;0.096;239.510;5.800;1.000;0.000;18.000
18/5/2008;15:53:00;0.336;0.234;241.350;1.800;0.000;0.000;1.000
3/2/2009;02:45:00;0.244;0.000;247.090;1.000;0.000;0.000;0.000
29/9/2007;04:51:00;0.222;0.000;242.540;1.000;0.000;0.000;0.000
24/12/2006;08:53:00;0.858;0.086;243.620;5.200;0.000;0.000;0.000
28/3/2010;15:10:00;0.466;0.268;241.310;2.200;0.000;0.000;0.000
2/2/2007;15:56:00;0.270;0.000;241.710;1.200;0.000;0.000;0.000
1/3/2007;00:59:00;0.218;0.000;242.420;0.800;0.000;0.000;0.000
1/6/2010;15:39:00;1.430;0.000;241.800;5.800;0.000;0.000;19.000
2/3/2007;15:21:00;0.302;0.116;242.180;1.200;0.000;1.000;0.000
23/10/2010;07:27:00;2.002;0.000;239.860;8.200;0.000;0.000;18.000
26/3/2007;09:29:00;1.796;0.000;239.180;7.600;0.000;0.000;18.000
25/1/2009;18:58:00;1.248;0.060;237.520;5.200;0.000;0.000;18.000
18/11/2009;00:58:00;0.294;0.082;241.550;1.200;0.000;1.000;0.000
29/6/2010;03:08:00;0.350;0.212;240.630;1.600;0.000;0.000;1.000
27/1/2007;04:44:00;0.228;0.000;246.150;1.000;0.000;0.000;0.000
19/4/2008;09:52:00;1.930;0.046;238.980;8.000;0.000;0.000;18.000
28/7/2008;20:39:00;0.422;0.106;242.630;2.000;0.000;0.000;1.000
21/9/2008;14:10:00;1.444;0.240;239.240;6.000;0.000;2.000;18.000
1/6/2009;17:39:00;0.260;0.000;242.730;1.400;0.000;0.000;1.000
10/11/2009;08:41:00;1.352;0.092;238.660;5.600;0.000;0.000;18.000
6/9/2010;00:29:00;0.952;0.290;242.840;4.000;0.000;0.000;11.000
21/1/2010;22:49:00;2.130;0.218;241.290;8.800;0.000;1.000;18.000
18/1/2009;19:25:00;2.806;0.378;237.110;11.800;1.000;2.000;18.000
9/5/2010;17:56:00;0.368;0.078;240.530;1.600;0.000;0.000;1.000
11/9/2007;19:41:00;0.224;0.132;241.910;1.000;0.000;0.000;0.000
4/6/2007;20:09:00;0.554;0.368;233.420;2.800;0.000;2.000;0.000
10/12/2008;06:54:00;2.290;0.156;244.760;9.400;0.000;0.000;18.000
6/10/2008;14:44:00;0.360;0.078;241.180;1.600;0.000;0.000;1.000
28/10/2008;23:46:00;1.880;0.324;241.880;7.800;0.000;0.000;0.000
7/4/2007;02:40:00;0.242;0.000;241.530;1.000;0.000;1.000;0.000
8/2/2009;06:56:00;0.246;0.000;244.170;1.200;0.000;0.000;0.000
2/1/2010;11:09:00;0.312;0.120;242.310;1.400;0.000;1.000;1.000
14/1/2009;16:23:00;0.214;0.000;247.880;0.800;0.000;0.000;0.000
4/1/2007;18:33:00;2.608;0.254;237.120;11.000;0.000;1.000;17.000
14/3/2008;22:45:00;0.304;0.000;242.130;1.200;0.000;0.000;0.000
4/2/2007;21:17:00;3.356;0.086;236.180;14.200;0.000;0.000;17.000
26/6/2008;17:28:00;0.208;0.092;241.560;0.800;0.000;0.000;1.000
7/7/2007;15:51:00;0.222;0.116;239.450;1.000;0.000;0.000;0.000
18/11/2008;20:27:00;1.230;0.000;237.750;5.200;0.000;0.000;0.000
29/6/2009;01:37:00;0.232;0.100;243.040;1.000;0.000;0.000;1.000
22/10/2009;22:19:00;0.596;0.000;243.020;2.400;0.000;0.000;0.000
6/6/2007;02:28:00;0.316;0.162;235.390;1.400;0.000;1.000;0.000
18/11/2007;15:34:00;0.442;0.106;246.530;1.800;0.000;0.000;0.000
7/8/2007;16:58:00;1.878;0.110;232.200;8.000;0.000;0.000;17.000
28/12/2008;07:18:00;1.336;0.048;247.490;5.400;0.000;0.000;0.000
18/3/2008;02:02:00;0.224;0.000;244.150;1.000;0.000;0.000;0.000
19/8/2010;14:15:00;?;?;?;?;?;?;
13/3/2007;22:25:00;2.378;0.198;240.470;9.800;0.000;0.000;0.000
5/10/2009;16:37:00;0.294;0.064;243.440;1.200;0.000;0.000;1.000
22/2/2007;15:57:00;0.394;0.088;242.880;1.600;0.000;0.000;0.000
20/9/2008;22:15:00;0.412;0.362;239.930;2.200;0.000;2.000;1.000
16/3/2007;03:54:00;0.778;0.066;242.850;3.200;0.000;0.000;0.000
15/9/2007;06:14:00;0.174;0.000;240.210;0.800;0.000;0.000;0.000
24/6/2009;09:18:00;1.358;0.192;239.270;5.600;0.000;0.000;19.000
28/5/2010;17:10:00;1.336;0.136;238.930;5.600;0.000;0.000;18.000
15/12/2009;12:53:00;1.454;0.064;247.010;5.800;0.000;0.000;19.000
30/11/2008;10:32:00;0.948;0.096;241.860;3.800;0.000;0.000;0.000
23/2/2007;20:21:00;0.308;0.078;240.120;1.400;0.000;0.000;0.000
23/12/2008;13:15:00;0.634;0.000;240.710;3.000;0.000;0.000;0.000
26/1/2007;23:31:00;0.828;0.272;244.080;3.600;2.000;1.000;0.000
7/8/2007;17:46:00;2.676;0.000;233.510;11.400;0.000;36.000;0.000
22/5/2008;13:22:00;0.320;0.252;239.390;1.600;0.000;1.000;0.000
1/4/2009;00:12:00;2.078;0.164;243.870;8.600;0.000;0.000;0.000
14/6/2008;09:00:00;0.358;0.230;239.910;1.800;0.000;0.000;0.000
1/6/2009;14:36:00;1.640;0.344;241.350;7.000;1.000;1.000;18.000
19/10/2009;16:05:00;0.230;0.000;245.030;0.800;0.000;0.000;0.000
29/8/2008;21:22:00;0.186;0.144;238.230;1.000;0.000;0.000;0.000
17/7/2007;15:59:00;0.362;0.304;233.620;2.000;0.000;1.000;0.000
1/8/2007;03:57:00;0.276;0.228;237.650;1.400;0.000;0.000;0.000
28/5/2010;22:02:00;3.152;0.300;234.910;13.600;36.000;0.000;5.000
9/3/2010;09:16:00;1.372;0.000;241.410;5.600;0.000;0.000;18.000
25/11/2010;18:28:00;1.854;0.144;237.670;7.800;0.000;0.000;0.000
16/12/2008;10:35:00;1.368;0.000;244.000;5.600;0.000;0.000;18.000
27/10/2008;13:33:00;0.206;0.050;242.460;0.800;0.000;0.000;0.000
11/1/2007;03:50:00;0.216;0.000;243.940;1.000;0.000;0.000;0.000
7/4/2007;14:55:00;0.246;0.000;244.950;1.000;0.000;1.000;0.000
3/6/2008;16:13:00;0.844;0.000;234.000;3.600;0.000;0.000;1.000
15/2/2010;18:56:00;2.158;0.134;238.610;9.000;0.000;0.000;19.000
8/8/2007;17:26:00;0.170;0.000;237.780;0.800;0.000;1.000;0.000
22/2/2008;19:53:00;1.452;0.096;241.040;6.000;0.000;0.000;0.000
22/10/2008;09:18:00;1.566;0.194;239.970;6.600;0.000;0.000;18.000
24/4/2009;03:59:00;0.480;0.244;242.000;2.200;0.000;0.000;1.000
5/11/2010;02:11:00;0.286;0.000;249.170;1.200;0.000;0.000;1.000
30/4/2009;18:38:00;1.956;0.174;242.110;8.000;0.000;2.000;18.000
25/9/2010;12:29:00;?;?;?;?;?;?;
2/10/2007;22:15:00;2.162;0.000;237.440;9.000;0.000;1.000;17.000
1/4/2008;21:42:00;2.298;0.232;240.180;9.600;1.000;0.000;18.000
11/7/2007;08:16:00;1.462;0.250;242.050;6.000;1.000;1.000;18.000
16/6/2008;09:34:00;1.288;0.134;238.410;5.400;0.000;0.000;18.000
27/5/2009;14:11:00;1.576;0.104;228.030;6.800;0.000;0.000;16.000
27/2/2008;00:52:00;1.366;0.086;240.760;5.600;0.000;2.000;17.000
8/8/2008;03:42:00;0.080;0.000;239.410;0.200;0.000;0.000;1.000
23/1/2009;02:37:00;0.348;0.070;248.050;1.400;0.000;0.000;0.000
9/9/2009;23:18:00;0.170;0.000;246.120;0.800;0.000;0.000;1.000
7/7/2007;08:19:00;1.426;0.192;239.940;6.000;0.000;1.000;18.000
8/3/2007;16:36:00;0.346;0.114;242.880;1.400;0.000;0.000;0.000
11/12/2009;23:01:00;1.844;0.108;246.490;7.400;0.000;2.000;20.000
13/1/2008;18:17:00;3.496;0.096;233.750;15.000;1.000;0.000;17.000
31/1/2010;07:49:00;0.266;0.000;244.260;1.000;0.000;0.000;1.000
25/6/2010;07:40:00;1.602;0.190;240.100;6.600;0.000;1.000;18.000
20/3/2010;00:58:00;1.306;0.000;240.030;5.400;0.000;0.000;18.000
7/2/2009;09:36:00;1.280;0.060;240.590;5.200;0.000;0.000;17.000
23/7/2009;17:05:00;0.384;0.068;243.400;1.600;0.000;1.000;1.000
3/11/2007;06:53:00;0.206;0.000;242.760;0.800;0.000;0.000;0.000
6/6/2010;09:37:00;2.222;0.204;241.690;10.000;15.000;0.000;18.000
27/7/2007;07:48:00;1.780;0.082;234.230;7.600;0.000;0.000;17.000
29/1/2007;00:12:00;0.230;0.000;245.340;1.000;0.000;0.000;0.000
15/9/2009;16:04:00;0.306;0.126;234.780;1.400;0.000;1.000;0.000
18/8/2009;14:37:00;2.636;0.214;238.540;11.000;37.000;0.000;1.000
23/5/2007;14:04:00;2.448;0.000;231.050;10.600;0.000;34.000;0.000
27/9/2010;03:48:00;?;?;?;?;?;?;
9/6/2009;03:51:00;0.310;0.116;242.480;1.400;0.000;0.000;0.000
17/1/2010;09:32:00;0.428;0.138;243.510;1.800;0.000;0.000;0.000
11/11/2008;05:47:00;0.260;0.060;242.080;1.200;0.000;0.000;0.000
17/11/2007;10:48:00;1.680;0.140;237.930;7.000;0.000;0.000;18.000
15/4/2009;20:57:00;2.616;0.078;240.180;10.800;2.000;0.000;18.000
3/9/2010;02:00:00;0.372;0.198;237.860;1.800;0.000;1.000;1.000
1/7/2010;23:55:00;0.676;0.000;242.960;2.800;0.000;0.000;1.000
7/6/2007;06:32:00;0.258;0.072;236.540;1.000;0.000;2.000;0.000
15/4/2010;10:00:00;1.282;0.048;238.940;5.200;0.000;0.000;18.000
25/5/2009;13:02:00;2.350;0.000;233.130;10.600;29.000;0.000;1.000
2/11/2009;23:10:00;0.750;0.000;243.190;3.000;0.000;0.000;1.000
26/5/2008;19:03:00;0.344;0.000;242.230;1.600;0.000;0.000;0.000
30/7/2009;08:20:00;0.326;0.104;241.350;1.400;0.000;1.000;1.000
21/8/2007;22:16:00;1.008;0.144;241.640;4.200;0.000;0.000;0.000
13/6/2009;22:10:00;?;?;?;?;?;?;
26/3/2010;09:43:00;1.422;0.108;241.400;5.800;0.000;0.000;19.000
12/12/2008;16:20:00;0.918;0.292;244.380;3.800;0.000;1.000;0.000
22/2/2007;19:34:00;6.160;0.080;232.710;26.400;0.000;36.000;16.000
26/5/2008;19:19:00;0.446;0.150;242.460;2.200;0.000;0.000;1.000
3/6/2008;12:28:00;0.476;0.062;233.860;2.400;0.000;0.000;1.000
1/10/2009;20:53:00;1.906;0.000;238.060;8.000;0.000;0.000;18.000
14/6/2007;06:25:00;0.104;0.000;242.540;0.400;0.000;0.000;0.000
15/11/2009;14:59:00;0.398;0.230;244.560;1.800;0.000;1.000;1.000
19/8/2008;13:35:00;0.766;0.138;241.500;3.200;0.000;0.000;12.000
27/11/2007;04:59:00;0.412;0.220;244.430;1.800;0.000;1.000;0.000
20/2/2009;08:07:00;0.592;0.074;241.300;2.400;0.000;0.000;0.000
15/11/2009;17:22:00;2.742;0.394;232.300;11.800;0.000;1.000;17.000
12/1/2008;14:14:00;0.392;0.000;243.270;1.800;0.000;0.000;0.000
5/6/2007;00:06:00;2.004;0.186;238.670;8.400;0.000;1.000;0.000
12/8/2009;08:59:00;0.250;0.142;242.330;1.200;0.000;2.000;0.000
24/3/2008;15:30:00;2.790;0.082;243.700;12.000;0.000;24.000;18.000
27/7/2007;18:13:00;0.780;0.128;237.130;3.400;0.000;0.000;0.000
30/5/2007;13:21:00;0.216;0.000;234.370;1.000;0.000;0.000;0.000
21/5/2008;01:16:00;0.154;0.000;240.420;0.600;0.000;0.000;1.000
8/7/2010;10:43:00;0.580;0.308;238.960;2.600;0.000;1.000;1.000
16/6/2007;17:45:00;1.104;0.382;240.970;4.800;2.000;1.000;0.000
26/9/2007;18:38:00;0.662;0.050;239.130;2.800;0.000;0.000;0.000
23/8/2008;11:13:00;0.080;0.000;240.690;0.200;0.000;0.000;0.000
20/3/2008;07:54:00;2.790;0.066;236.990;11.600;0.000;1.000;17.000
8/8/2010;14:49:00;0.158;0.000;242.170;0.600;0.000;0.000;0.000
22/12/2008;19:00:00;1.384;0.060;236.960;5.800;0.000;0.000;0.000
27/1/2008;09:05:00;0.746;0.104;243.190;3.000;0.000;0.000;0.000
7/10/2008;05:13:00;0.602;0.232;242.630;2.800;0.000;1.000;0.000
13/2/2007;23:58:00;0.218;0.000;243.670;1.000;0.000;0.000;0.000
5/3/2010;07:58:00;0.480;0.202;241.940;2.200;0.000;0.000;1.000
21/11/2009;03:08:00;0.230;0.000;245.340;0.800;0.000;0.000;1.000
9/2/2009;10:40:00;1.418;0.068;242.320;5.800;0.000;0.000;18.000
30/3/2009;19:46:00;0.584;0.206;240.780;2.600;2.000;0.000;0.000
1/3/2007;01:34:00;0.258;0.062;243.340;1.200;0.000;0.000;0.000
5/1/2010;01:17:00;0.484;0.252;244.990;2.200;0.000;1.000;1.000
10/8/2008;07:35:00;0.186;0.156;242.140;1.000;0.000;0.000;1.000
22/7/2008;13:33:00;0.402;0.060;239.050;2.000;0.000;0.000;0.000
11/8/2009;13:17:00;0.272;0.176;245.980;1.200;0.000;0.000;1.000
21/2/2009;16:16:00;0.406;0.218;241.270;1.800;0.000;2.000;0.000
25/5/2007;00:18:00;0.262;0.000;238.600;1.200;0.000;0.000;0.000
12/7/2010;19:11:00;0.524;0.280;244.800;3.000;3.000;1.000;0.000
6/3/2007;16:44:00;0.516;0.352;241.610;2.600;0.000;1.000;0.000
7/2/2008;20:16:00;3.802;0.288;235.400;16.600;0.000;1.000;17.000
6/4/2007;06:32:00;0.348;0.068;242.360;1.400;0.000;0.000;0.000
11/8/2007;12:20:00;1.192;0.076;234.550;5.000;0.000;0.000;17.000
6/3/2008;07:04:00;3.486;0.114;236.140;14.600;0.000;0.000;17.000
27/11/2007;05:03:00;0.402;0.212;242.670;1.800;0.000;1.000;0.000
16/3/2008;12:25:00;1.462;0.114;238.240;6.000;0.000;0.000;18.000
11/6/2007;20:35:00;0.198;0.132;243.890;1.000;0.000;2.000;0.000
11/11/2009;21:07:00;1.678;0.000;241.000;7.000;0.000;0.000;19.000
27/11/2007;09:14:00;1.762;0.066;240.020;7.200;0.000;2.000;17.000
10/6/2007;05:24:00;1.276;0.066;241.730;5.200;0.000;0.000;18.000
9/6/2009;06:05:00;0.300;0.106;242.860;1.400;0.000;2.000;0.000
1/7/2008;07:54:00;0.212;0.098;238.910;1.000;0.000;0.000;0.000
11/4/2009;15:16:00;1.436;0.108;242.710;5.800;0.000;0.000;19.000
12/8/2009;05:35:00;0.260;0.160;242.590;1.200;0.000;0.000;1.000
28/5/2009;21:54:00;2.012;0.076;236.230;8.400;0.000;0.000;18.000
4/8/2008;03:04:00;0.138;0.000;238.050;0.600;0.000;0.000;1.000
22/4/2008;05:08:00;0.376;0.126;241.670;1.600;0.000;1.000;1.000
11/2/2007;17:16:00;0.288;0.000;240.680;1.200;0.000;0.000;0.000
13/10/2010;17:46:00;2.024;0.198;241.650;8.400;0.000;0.000;29.000
24/3/2008;22:29:00;3.214;0.056;241.900;13.200;0.000;0.000;18.000
14/2/2008;10:17:00;1.350;0.082;236.750;5.600;0.000;1.000;18.000
11/1/2008;20:18:00;1.818;0.000;238.280;7.600;0.000;0.000;0.000
27/7/2008;16:54:00;0.924;0.084;239.030;3.800;0.000;0.000;12.000
17/4/2008;18:04:00;0.288;0.000;244.510;1.200;0.000;0.000;1.000
27/1/2010;04:50:00;0.374;0.132;244.590;1.600;0.000;0.000;1.000
6/10/2007;23:26:00;1.508;0.110;238.620;6.400;0.000;0.000;0.000
16/10/2008;18:17:00;0.390;0.088;238.670;1.600;0.000;0.000;1.000
13/7/2009;10:00:00;0.596;0.120;242.560;3.200;0.000;1.000;8.000
13/4/2009;13:46:00;0.594;0.082;242.960;2.600;0.000;0.000;1.000
3/10/2008;06:22:00;0.248;0.000;245.270;1.000;0.000;0.000;0.000
6/3/2009;18:33:00;1.404;0.076;238.740;5.800;0.000;0.000;18.000
10/1/2010;21:29:00;2.294;0.000;243.410;9.400;0.000;0.000;19.000
31/3/2010;20:00:00;1.472;0.198;243.510;6.600;0.000;0.000;1.000
8/1/2008;14:10:00;1.476;0.084;242.170;6.000;0.000;2.000;18.000
24/12/2007;05:54:00;0.234;0.000;250.280;1.000;0.000;0.000;0.000
4/8/2009;08:16:00;0.318;0.258;241.690;1.600;0.000;1.000;1.000
4/3/2008;07:30:00;0.512;0.000;242.100;2.000;0.000;0.000;0.000
8/7/2010;15:07:00;2.586;0.550;238.880;11.000;0.000;0.000;30.000
1/6/2008;21:04:00;2.650;0.188;240.290;11.000;0.000;0.000;29.000
31/1/2010;20:15:00;2.534;0.256;239.460;10.600;0.000;1.000;18.000
27/9/2009;11:41:00;0.282;0.114;239.910;1.200;0.000;0.000;1.000
6/2/2007;05:42:00;0.226;0.000;241.580;1.000;0.000;0.000;0.000
26/10/2010;12:31:00;1.586;0.256;245.060;6.600;0.000;1.000;19.000
22/7/2007;00:27:00;0.344;0.206;234.870;1.600;1.000;0.000;0.000
13/9/2010;23:25:00;0.264;0.000;245.210;1.200;0.000;0.000;0.000
13/9/2009;14:26:00;1.586;0.220;236.170;6.600;0.000;1.000;18.000
5/12/2009;07:22:00;2.546;0.062;240.840;10.600;0.000;0.000;19.000
18/12/2008;18:27:00;0.684;0.110;243.290;2.800;0.000;0.000;0.000
11/5/2009;10:26:00;1.432;0.096;240.640;5.800;0.000;0.000;18.000
24/3/2007;21:05:00;2.956;0.212;235.610;12.600;0.000;0.000;17.000
5/6/2008;07:23:00;2.226;0.132;230.390;9.600;0.000;0.000;17.000
17/1/2009;14:25:00;1.726;0.184;246.530;7.000;1.000;0.000;18.000
9/4/2008;23:47:00;0.252;0.000;243.670;1.000;0.000;0.000;0.000
7/7/2007;11:05:00;0.296;0.088;238.580;1.400;0.000;2.000;0.000
8/3/2009;16:00:00;1.398;0.000;244.550;5.600;1.000;0.000;18.000
2/6/2007;15:04:00;1.448;0.062;233.550;6.200;0.000;0.000;17.000
2/1/2010;12:48:00;0.358;0.148;245.400;1.600;0.000;0.000;1.000
28/3/2009;10:54:00;1.536;0.226;243.380;6.400;0.000;1.000;18.000
20/5/2007;14:31:00;0.414;0.192;238.530;1.800;0.000;0.000;0.000
8/3/2007;14:08:00;0.314;0.084;243.390;1.400;0.000;1.000;0.000
21/3/2009;17:17:00;4.122;0.394;236.100;17.400;38.000;0.000;17.000
5/9/2008;10:47:00;0.382;0.298;239.460;2.000;0.000;0.000;1.000
3/8/2007;11:45:00;1.196;0.000;231.550;5.000;1.000;0.000;17.000
14/10/2007;22:15:00;1.574;0.064;238.210;6.600;0.000;1.000;0.000
3/3/2009;16:17:00;1.350;0.062;242.880;5.400;0.000;0.000;18.000
13/9/2007;04:54:00;0.112;0.000;241.510;0.600;0.000;0.000;0.000
2/2/2008;14:17:00;2.016;0.266;245.140;8.200;1.000;0.000;19.000
29/9/2009;15:00:00;0.414;0.066;240.330;1.800;0.000;0.000;0.000
23/3/2007;20:48:00;3.852;0.000;235.530;16.200;37.000;0.000;17.000
18/12/2009;01:44:00;0.322;0.096;247.090;1.400;0.000;0.000;0.000
7/1/2007;01:56:00;0.350;0.188;243.730;1.600;0.000;0.000;0.000
26/10/2010;09:11:00;3.060;0.198;238.880;13.200;0.000;39.000;1.000
31/3/2010;23:57:00;0.442;0.224;244.580;2.000;0.000;1.000;1.000
18/3/2007;14:32:00;0.414;0.000;248.050;1.800;0.000;0.000;0.000
8/4/2010;15:00:00;0.420;0.236;245.490;1.800;0.000;2.000;1.000
20/10/2009;18:45:00;0.844;0.062;241.030;3.400;0.000;1.000;1.000
21/3/2009;07:23:00;1.342;0.000;244.350;5.400;0.000;0.000;18.000
9/10/2009;21:35:00;1.038;0.284;242.380;4.400;0.000;1.000;11.000
27/8/2009;12:54:00;0.250;0.148;241.090;1.200;0.000;0.000;0.000
11/12/2009;22:22:00;0.718;0.046;245.590;2.800;0.000;0.000;0.000
23/9/2010;07:48:00;2.100;0.000;238.820;8.800;0.000;1.000;18.000
18/5/2010;13:56:00;1.420;0.080;239.790;5.800;0.000;0.000;18.000
6/4/2010;02:09:00;0.404;0.256;246.120;1.800;0.000;1.000;1.000
25/7/2007;20:58:00;0.220;0.120;237.160;1.000;0.000;0.000;0.000
16/1/2007;19:14:00;1.812;0.126;239.850;7.600;0.000;0.000;0.000
1/9/2010;19:18:00;0.348;0.148;243.190;1.600;0.000;2.000;1.000
23/10/2009;04:57:00;0.238;0.000;244.400;1.000;0.000;0.000;1.000
24/9/2009;21:17:00;2.704;0.414;240.150;11.400;1.000;2.000;18.000
15/10/2009;14:44:00;0.222;0.048;240.800;0.800;0.000;0.000;0.000
22/5/2007;16:32:00;0.304;0.072;236.080;1.200;0.000;0.000;0.000
25/3/2007;07:04:00;2.364;0.068;239.090;9.800;0.000;0.000;0.000
8/10/2010;16:57:00;0.578;0.214;243.900;2.600;0.000;2.000;0.000
16/7/2009;19:40:00;0.254;0.114;241.610;1.000;0.000;0.000;0.000
10/9/2007;23:54:00;0.318;0.120;243.150;1.400;0.000;0.000;0.000
25/12/2008;23:41:00;0.312;0.106;245.940;1.200;0.000;0.000;0.000
7/7/2010;17:58:00;0.326;0.220;240.770;1.600;0.000;1.000;1.000
11/10/2009;07:01:00;0.332;0.124;243.690;1.400;0.000;0.000;0.000
4/8/2009;08:15:00;0.320;0.256;241.380;1.600;0.000;1.000;0.000
28/4/2009;14:53:00;2.604;0.050;241.310;10.800;39.000;0.000;1.000
21/2/2008;11:57:00;1.278;0.000;239.280;5.200;0.000;0.000;18.000
9/1/2010;18:41:00;2.912;0.190;238.950;12.200;0.000;3.000;18.000
15/2/2010;10:02:00;1.404;0.056;241.980;5.800;0.000;1.000;19.000
6/11/2009;19:14:00;0.762;0.000;239.570;3.200;0.000;0.000;0.000
18/6/2009;22:31:00;1.548;0.078;240.600;6.400;0.000;1.000;0.000
5/6/2010;00:05:00;0.850;0.000;243.680;3.600;0.000;0.000;1.000
9/11/2007;05:16:00;0.316;0.106;240.430;1.400;0.000;0.000;0.000
4/10/2009;03:33:00;0.742;0.266;244.880;3.400;0.000;0.000;9.000
24/8/2008;21:37:00;0.156;0.120;239.370;0.800;0.000;0.000;0.000
25/10/2007;02:52:00;0.298;0.106;245.230;1.200;0.000;2.000;0.000
17/4/2008;03:30:00;0.256;0.000;241.910;1.000;0.000;0.000;1.000
10/4/2008;03:14:00;0.256;0.000;244.500;1.000;0.000;0.000;1.000
5/11/2009;11:51:00;0.376;0.200;239.950;1.600;0.000;0.000;0.000
19/2/2007;10:28:00;1.482;0.164;233.930;6.400;0.000;2.000;17.000
9/5/2007;10:29:00;1.178;0.066;230.880;5.000;0.000;0.000;16.000
25/12/2007;21:55:00;3.802;0.136;240.880;15.800;0.000;0.000;0.000
26/2/2007;03:16:00;0.218;0.000;241.670;0.800;0.000;0.000;0.000
24/5/2008;09:22:00;1.392;0.234;241.440;5.800;0.000;0.000;18.000
4/7/2007;11:36:00;0.220;0.096;239.920;1.000;0.000;1.000;0.000
10/9/2009;05:13:00;0.216;0.092;243.000;1.000;0.000;0.000;0.000
22/11/2008;13:34:00;1.494;0.112;239.940;6.200;0.000;0.000;18.000
3/7/2007;05:34:00;0.174;0.000;240.400;0.800;0.000;0.000;0.000
16/4/2009;09:03:00;1.366;0.000;239.510;5.600;0.000;0.000;18.000
16/8/2009;08:07:00;0.222;0.122;242.070;1.000;0.000;0.000;0.000
4/7/2009;09:21:00;0.478;0.200;241.530;2.000;0.000;1.000;0.000
17/8/2007;17:54:00;0.178;0.108;242.290;0.800;0.000;0.000;0.000
19/1/2010;17:22:00;2.150;0.082;241.720;8.800;0.000;1.000;19.000
13/8/2008;19:15:00;0.178;0.158;243.420;0.800;0.000;0.000;0.000
21/7/2007;17:59:00;0.834;0.122;233.020;3.600;0.000;0.000;0.000
6/9/2008;05:41:00;0.270;0.166;240.930;1.200;0.000;1.000;1.000
2/6/2008;23:32:00;0.156;0.000;239.370;0.600;0.000;0.000;1.000
15/1/2007;18:19:00;2.548;0.116;235.650;10.800;0.000;0.000;17.000
22/3/2007;01:55:00;0.308;0.070;244.110;1.200;0.000;0.000;0.000
17/7/2010;04:50:00;0.352;0.240;241.170;1.800;0.000;2.000;0.000
1/10/2007;13:02:00;0.236;0.050;240.290;1.000;0.000;0.000;0.000
29/6/2008;17:50:00;0.218;0.108;239.550;1.000;0.000;2.000;1.000
23/7/2010;09:21:00;2.468;1.026;237.910;11.400;0.000;2.000;18.000
18/5/2007;11:08:00;0.256;0.076;234.550;1.200;0.000;0.000;0.000
5/5/2007;02:32:00;0.292;0.210;234.240;1.400;0.000;1.000;0.000
5/4/2008;06:34:00;0.218;0.000;242.900;0.800;0.000;0.000;0.000
7/11/2008;03:46:00;0.336;0.000;240.780;1.400;0.000;0.000;0.000
6/10/2010;04:41:00;0.244;0.058;242.990;1.000;0.000;0.000;1.000
7/1/2009;13:32:00;1.516;0.048;246.610;6.000;0.000;0.000;18.000
24/9/2009;13:36:00;0.388;0.114;241.690;1.600;0.000;0.000;1.000
28/8/2007;07:46:00;1.346;0.270;236.380;5.800;0.000;1.000;17.000
17/6/2007;23:03:00;0.386;0.000;240.010;1.600;0.000;0.000;0.000
26/2/2007;14:12:00;0.226;0.000;246.500;1.000;0.000;0.000;0.000
16/3/2008;15:47:00;0.550;0.232;243.590;2.600;0.000;1.000;0.000
15/1/2009;04:34:00;1.306;0.056;243.160;5.200;0.000;0.000;18.000
16/4/2008;17:30:00;1.334;0.000;241.060;5.400;0.000;0.000;18.000
2/7/2008;06:53:00;1.334;0.078;239.200;5.600;0.000;0.000;18.000
19/1/2009;14:56:00;0.222;0.000;246.540;1.000;0.000;0.000;0.000
12/11/2009;05:25:00;0.326;0.114;245.380;1.400;0.000;0.000;0.000
3/8/2007;05:05:00;0.102;0.000;235.820;0.400;0.000;0.000;0.000
8/5/2008;23:10:00;2.184;0.202;241.390;9.000;0.000;0.000;18.000
11/11/2009;04:36:00;0.442;0.274;247.430;2.000;0.000;2.000;1.000
9/5/2007;18:28:00;0.314;0.236;236.590;1.600;0.000;2.000;0.000
13/11/2007;23:37:00;0.362;0.118;247.510;1.600;0.000;0.000;0.000
31/3/2010;18:38:00;2.132;0.498;239.240;9.000;0.000;1.000;28.000
22/1/2009;05:09:00;0.366;0.056;246.730;1.600;0.000;0.000;0.000
29/10/2007;15:34:00;0.206;0.000;242.730;0.800;0.000;0.000;0.000
16/4/2008;22:31:00;1.044;0.000;242.210;4.200;0.000;0.000;1.000
8/6/2008;13:09:00;0.270;0.128;242.480;1.200;0.000;0.000;1.000
15/8/2007;21:32:00;0.202;0.138;240.750;1.000;0.000;0.000;0.000
3/5/2007;08:44:00;1.212;0.076;232.640;5.200;0.000;0.000;16.000
12/3/2008;05:16:00;0.316;0.106;241.880;1.400;0.000;0.000;0.000
27/7/2009;11:40:00;1.030;0.408;241.910;4.600;0.000;2.000;12.000
16/10/2007;20:00:00;1.730;0.236;236.400;7.400;0.000;1.000;0.000
10/7/2010;02:48:00;0.332;0.190;241.530;1.600;0.000;0.000;1.000
19/8/2007;20:26:00;3.764;0.220;234.450;16.000;0.000;35.000;17.000
1/12/2009;12:41:00;1.464;0.110;241.970;6.000;0.000;0.000;18.000
31/5/2007;08:50:00;0.380;0.172;235.610;1.800;0.000;0.000;0.000
23/6/2010;10:28:00;1.884;0.216;236.540;9.200;12.000;1.000;17.000
10/7/2007;08:52:00;1.292;0.104;240.500;5.400;0.000;0.000;18.000
23/4/2007;13:53:00;0.316;0.186;237.370;1.400;0.000;0.000;0.000
1/9/2007;04:51:00;0.202;0.112;239.380;1.000;0.000;2.000;0.000
25/11/2009;16:49:00;2.444;0.000;241.300;10.000;0.000;17.000;0.000
3/5/2009;22:25:00;1.634;0.000;241.310;6.600;0.000;0.000;18.000
14/6/2009;08:01:00;?;?;?;?;?;?;
19/9/2007;18:27:00;1.166;0.168;240.920;5.400;0.000;0.000;13.000
16/4/2007;05:38:00;0.212;0.092;240.250;1.200;0.000;0.000;0.000
6/2/2007;19:59:00;1.492;0.090;238.280;6.200;0.000;0.000;0.000
25/7/2008;00:36:00;0.332;0.240;241.820;1.600;0.000;1.000;0.000
11/9/2009;04:39:00;0.336;0.234;243.200;1.600;0.000;1.000;1.000
20/1/2007;15:15:00;3.758;0.218;239.130;15.600;38.000;0.000;18.000
28/5/2008;05:58:00;0.160;0.000;241.810;0.600;0.000;0.000;1.000
14/5/2009;09:05:00;1.278;0.000;238.670;5.200;0.000;0.000;18.000
28/10/2008;21:48:00;2.752;0.000;238.590;11.400;1.000;0.000;17.000
18/12/2007;08:42:00;1.432;0.000;241.220;5.800;1.000;0.000;18.000
14/1/2007;19:59:00;2.638;0.140;234.590;11.200;0.000;0.000;17.000
13/10/2007;21:04:00;2.058;0.000;240.120;8.600;0.000;0.000;18.000
27/4/2010;03:45:00;0.776;0.000;242.210;3.200;0.000;0.000;0.000
8/8/2010;10:13:00;0.238;0.108;240.550;1.000;0.000;2.000;0.000
17/12/2006;07:14:00;2.206;0.086;240.970;9.400;0.000;1.000;0.000
17/8/2007;07:00:00;3.502;0.150;236.410;14.800;0.000;0.000;17.000
28/4/2010;21:26:00;0.404;0.156;242.550;1.800;0.000;1.000;1.000
7/4/2008;18:10:00;0.386;0.142;246.000;1.600;0.000;0.000;0.000
10/1/2010;03:42:00;0.410;0.212;245.860;1.800;0.000;0.000;1.000
22/8/2007;10:45:00;0.190;0.088;241.150;1.000;0.000;0.000;0.000
10/8/2010;23:20:00;0.810;0.210;241.590;3.400;0.000;0.000;11.000
19/8/2010;12:47:00;?;?;?;?;?;?;
30/7/2009;10:47:00;0.348;0.254;244.810;1.800;0.000;1.000;0.000
13/9/2010;04:11:00;0.146;0.000;242.550;0.600;0.000;0.000;0.000
12/4/2007;20:13:00;0.216;0.000;240.960;0.800;0.000;0.000;0.000
7/1/2008;06:44:00;0.454;0.000;242.700;1.800;0.000;0.000;0.000
20/8/2008;09:14:00;0.172;0.144;241.810;0.800;0.000;2.000;1.000
20/12/2007;12:49:00;1.702;0.000;241.730;7.000;0.000;0.000;18.000
21/4/2009;05:44:00;1.382;0.094;240.870;5.600;0.000;1.000;1.000
26/2/2009;13:10:00;0.366;0.198;241.000;1.600;0.000;1.000;0.000
28/10/2007;07:17:00;0.204;0.000;240.650;0.800;0.000;0.000;0.000
29/5/2008;15:27:00;0.162;0.000;235.090;0.600;0.000;0.000;1.000
30/12/2006;00:35:00;0.418;0.080;239.810;1.800;0.000;4.000;0.000
31/5/2008;00:42:00;0.158;0.000;242.680;0.600;0.000;0.000;0.000
8/5/2009;09:26:00;1.396;0.064;241.270;5.800;0.000;0.000;18.000
27/8/2007;09:27:00;1.314;0.238;236.720;5.600;0.000;1.000;17.000
4/4/2007;09:17:00;1.330;0.000;241.900;5.400;0.000;0.000;18.000
17/1/2010;20:41:00;2.438;0.442;240.490;10.200;2.000;1.000;19.000
8/12/2007;19:15:00;3.004;0.066;234.010;12.800;0.000;1.000;17.000
12/4/2007;14:51:00;0.390;0.226;238.370;1.800;0.000;1.000;0.000
24/8/2007;21:27:00;1.570;0.388;239.210;6.800;0.000;1.000;0.000
7/1/2007;02:43:00;0.430;0.326;247.670;2.200;0.000;0.000;0.000
9/5/2010;09:31:00;0.404;0.184;238.640;1.800;0.000;0.000;1.000
14/2/2009;10:21:00;1.262;0.078;239.370;5.200;0.000;0.000;18.000
1/4/2008;13:21:00;1.720;0.128;239.630;7.200;0.000;2.000;17.000
10/8/2008;16:55:00;0.166;0.140;240.750;0.800;0.000;2.000;1.000
4/7/2008;06:50:00;1.854;0.198;237.820;7.800;0.000;0.000;26.000
16/1/2009;08:49:00;1.928;0.292;240.870;8.000;0.000;1.000;18.000
27/10/2008;00:05:00;0.308;0.082;243.050;1.200;0.000;0.000;0.000
20/9/2010;11:32:00;0.358;0.184;244.100;1.600;0.000;1.000;0.000
13/4/2008;21:51:00;2.626;0.000;238.410;11.000;1.000;0.000;18.000
24/12/2008;21:51:00;0.378;0.052;244.420;1.600;0.000;0.000;0.000
24/4/2009;10:32:00;1.450;0.110;239.650;6.000;0.000;1.000;18.000
14/3/2009;09:19:00;1.472;0.112;241.880;6.000;1.000;1.000;18.000
20/6/2007;20:56:00;1.946;0.350;240.550;8.200;1.000;2.000;18.000
13/4/2007;05:12:00;0.380;0.214;239.330;1.800;0.000;0.000;0.000
9/5/2009;14:15:00;1.206;0.000;239.460;6.600;11.000;0.000;1.000
15/6/2009;11:01:00;0.316;0.232;238.620;1.600;0.000;1.000;0.000
28/10/2007;07:07:00;0.204;0.000;240.830;0.800;0.000;0.000;0.000
10/2/2007;22:37:00;4.330;0.094;239.400;18.000;0.000;0.000;18.000
5/2/2009;19:00:00;2.080;0.052;238.090;8.600;0.000;1.000;18.000
4/6/2010;08:50:00;1.452;0.000;238.060;6.200;1.000;0.000;22.000
7/3/2007;06:21:00;1.496;0.052;243.090;6.000;0.000;0.000;18.000
11/10/2009;01:26:00;0.470;0.344;241.740;2.400;0.000;1.000;0.000
18/1/2010;18:29:00;2.550;0.086;241.110;10.600;0.000;0.000;18.000
